$0000 1	LDI $09
$0001 9	
$0002 0	
$0003 0	NOP
$0004 e	WAIT
$0005 9	BC $2A
$0006 a	
$0007 2	
$0008 8	BZ $00
$0009 0	
$000A 0	
$000B 1	LDI $C8 (200)
$000C 8	
$000D c	
$000E 0	NOP
$000F 0	NOP
$0010 e	WAIT
$0011 b	DJNZ $04
$0012 4	
$0013 0	
$0014 f	JMP $034
$0015 4
$0016 3
$0017 0
$0018 f JMP $048
$0019 8
$001A 4
$001B 0
$001C 5 HIZ
f
2
7
0
0
0
0
f
7
7
0
5
f
2
7
0
a
9
0
f
3
8
0
5
0
0
0
f
7
7
0
5
f
2
7
0
a
e
0
c
4
6
c
5
7
f
3
8
0
5
0
f
7
7
0
5
f
2
7
0
a
4
1
c
6
0
f
3
8
0
5
f
4
3
0
f
6
5
0
5
f
2
7
0
0
0
0
f
7
7
0
5
f
2
7
0
a
d
1
f
3
8
0
5
e
f
4
6
0
5
f
2
7
0
0
f
b
7
0
5
f
2
7
0
a
4
2
f
3
8
0
5
c
f
f
f
0
0
0
8
2
3
3
3
0
5
b
1
0
e
f
f
7
0
5
f
2
7
0
a
0
0
f
3
8
0
5
f
0
0
0
c
f
f
f
0
0
0
0
4
1
a
0
e
b
5
3
5
1
8
2
e
3
3
0
5
b
7
3
e
7
0
0
6
0
8
6
d
2
6
0
0
6
0
1
3
3
0
6
0
8
6
3
c
6
0
8
6
6
0
6
0
0
6
1
0
6
0
0
6
0
0
6
2
1
6
0
0
6
0
e
6
4
f
3
3
0
7
0
6
0
8
6
d
2
6
0
0
6
0
1
3
3
0
6
0
8
6
3
c
6
0
8
6
6
0
6
0
0
6
2
0
6
0
0
6
0
0
6
8
1
6
0
0
6
2
a
6
4
5
3
3
0
7
0
6
0
8
6
d
2
6
0
0
6
0
1
3
3
0
6
0
8
6
3
c
6
0
0
6
5
0
6
1
0
6
0
0
6
0
0
6
0
0
6
0
0
6
0
0
6
b
e
6
5
2
3
3
0
7
0
6
0
8
6
d
2
6
1
0
6
8
e
3
3
0
6
0
8
6
3
c
6
0
0
6
9
0
6
1
0
6
0
0
6
0
0
6
0
0
6
0
0
6
0
0
6
7
2
6
5
2
3
3
0
7
0
1
8
6
2
d
0
0
0
1
2
0
0
8
4
7
b
5
7
7
0
6
0
8
6
9
6
6
0
0
6
0
1
3
3
0
7
6
0
8
6
9
6
6
1
0
6
8
e
3
3
0
7
6
0
8
6
9
6
6
1
8
6
8
5
3
3
0
7
6
0
8
6
2
d
3
3
0
7
0
0
